../Data
20100713
20100714
20100715
20100716
20100718
20100719
20100721
20100722
20100723
20100725
20100726
20100727
20100728
20100730
20100731
20100802
20100803
20100804
20100805
20100806
20100807
20100808
20100809
20110120
20110121
20110122
20110123
20110124
20110125
20110126
20110128
20110129
20110130
20110131
20110201
20110202
20110203
20110204
20110205
20110206
20110207
20110208
20110209
20110210
20110211
20110212
20110213
20110214
20110215
20110216